word           	tf	wf	df	idf			qi
prune          	1	1	07	0.723104	0.723104
queri          	0	0	10	0.568202	0.000000
evalu          	0	0	02	1.267172	0.000000
use            	0	0	02	1.267172	0.000000
pre            	0	0	01	1.568202	0.000000
comput         	0	0	01	1.568202	0.000000
impact         	0	0	02	1.267172	0.000000
cach           	1	1	12	0.489020	0.489020
search         	1	1	10	0.568202	0.568202
engin          	1	1	09	0.613959	0.613959
admiss         	0	0	01	1.568202	0.000000
polici         	0	0	02	1.267172	0.000000
result         	1	1	04	0.966142	0.966142
static         	0	0	04	0.966142	0.000000
term           	0	0	01	1.568202	0.000000
invert         	0	0	06	0.790050	0.000000
file           	0	0	02	1.267172	0.000000
scalabl        	0	0	01	1.568202	0.000000
fulli          	0	0	01	1.568202	0.000000
distribut      	0	0	02	1.267172	0.000000
web            	1	1	05	0.869232	0.869232
crawler        	0	0	01	1.568202	0.000000
webgraph       	0	0	01	1.568202	0.000000
framework      	0	0	01	1.568202	0.000000
compress       	0	0	08	0.665112	0.000000
techniqu       	0	0	01	1.568202	0.000000
lesson         	0	0	01	1.568202	0.000000
giant          	0	0	01	1.568202	0.000000
scale          	0	0	02	1.267172	0.000000
servic         	0	0	01	1.568202	0.000000
effici         	0	0	04	0.966142	0.000000
vs             	0	0	01	1.568202	0.000000
effect         	0	0	02	1.267172	0.000000
terabyt        	0	0	01	1.568202	0.000000
inform         	0	0	05	0.869232	0.000000
retriev        	0	0	08	0.665112	0.000000
document       	0	0	02	1.267172	0.000000
centric        	0	0	01	1.568202	0.000000
approach       	0	0	01	1.568202	0.000000
index          	1	1	11	0.526809	0.526809
text           	0	0	03	1.091080	0.000000
system         	0	0	02	1.267172	0.000000
refer          	0	0	01	1.568202	0.000000
collect        	0	0	01	1.568202	0.000000
spam           	0	0	01	1.568202	0.000000
relev          	0	0	01	1.568202	0.000000
weight         	0	0	01	1.568202	0.000000
independ       	0	0	01	1.568202	0.000000
evid           	0	0	01	1.568202	0.000000
improv         	0	0	02	1.267172	0.000000
via            	0	0	01	1.568202	0.000000
local          	0	0	01	1.568202	0.000000
base           	0	0	02	1.267172	0.000000
method         	0	0	01	1.568202	0.000000
optim          	0	0	02	1.267172	0.000000
aggreg         	0	0	01	1.568202	0.000000
algorithm      	0	0	03	1.091080	0.000000
middlewar      	0	0	01	1.568202	0.000000
boost          	0	0	01	1.568202	0.000000
perform        	1	1	02	1.267172	1.267172
prefetch       	0	0	02	1.267172	0.000000
exploit        	0	0	01	1.568202	0.000000
histor         	0	0	01	1.568202	0.000000
usag           	0	0	01	1.568202	0.000000
data           	0	0	01	1.568202	0.000000
execut         	0	0	01	1.568202	0.000000
larg           	0	0	02	1.267172	0.000000
global         	0	0	01	1.568202	0.000000
page           	0	0	01	1.568202	0.000000
order          	0	0	01	1.568202	0.000000
three          	0	0	02	1.267172	0.000000
level          	0	0	02	1.267172	0.000000
process        	0	0	01	1.568202	0.000000
two            	0	0	01	1.568202	0.000000
tier           	0	0	01	1.568202	0.000000
correct        	0	0	01	1.568202	0.000000
guarante       	0	0	01	1.568202	0.000000
main           	0	0	01	1.568202	0.000000
memori         	0	0	01	1.568202	0.000000
repeat         	0	0	01	1.568202	0.000000
yahoo          	0	0	01	1.568202	0.000000
log            	0	0	02	1.267172	0.000000
dynam          	0	0	01	1.568202	0.000000
list           	0	0	02	1.267172	0.000000
fix            	0	0	01	1.568202	0.000000
binari         	0	0	02	1.267172	0.000000
codeword       	0	0	01	1.568202	0.000000
word           	0	0	01	1.568202	0.000000
align          	0	0	01	1.568202	0.000000
modern         	0	0	01	1.568202	0.000000
perfect        	0	0	01	1.568202	0.000000
embed          	0	0	01	1.568202	0.000000
skip           	0	0	01	1.568202	0.000000
quick          	0	0	01	1.568202	0.000000
lookup         	0	0	01	1.568202	0.000000
good           	0	0	01	1.568202	0.000000
especi         	0	0	01	1.568202	0.000000
random         	0	0	01	1.568202	0.000000
access         	0	0	01	1.568202	0.000000
cost           	0	0	01	1.568202	0.000000
awar           	0	0	01	1.568202	0.000000
www            	0	0	01	1.568202	0.000000
proxi          	0	0	01	1.568202	0.000000
super          	0	0	01	1.568202	0.000000
scalar         	0	0	01	1.568202	0.000000
databas        	0	0	01	1.568202	0.000000
ram            	0	0	01	1.568202	0.000000
cpu            	0	0	01	1.568202	0.000000
interact       	0	0	01	1.568202	0.000000
buffer         	0	0	01	1.568202	0.000000
manag          	0	0	01	1.568202	0.000000
predict        	0	0	01	1.568202	0.000000
self           	0	0	02	1.267172	0.000000
tune           	0	0	01	1.568202	0.000000
low            	0	0	01	1.568202	0.000000
overhead       	0	0	01	1.568202	0.000000
replac         	0	0	02	1.267172	0.000000
outperform     	0	0	01	1.568202	0.000000
lru            	0	0	01	1.568202	0.000000
adapt          	0	0	01	1.568202	0.000000
fast           	0	0	01	1.568202	0.000000
ad             	0	0	01	1.568202	0.000000
block          	0	0	01	1.568202	0.000000
address        	0	0	01	1.568202	0.000000
